10 10
30888 26585 36430 33726 20318 23982 27117 32348 30328 36504 
26520 27837 25047 30299 24330 22836 22891 26870 25253 26735 
30806 22942 32321 31968 21176 24465 18958 31788 24806 27990 
21158 19615 23989 25779 23219 24660 11417 26680 16586 20537 
25533 20191 23023 27252 18495 23608 20541 21897 21057 23026 
30935 34353 38398 37834 24343 23777 27070 34277 32737 39725 
21984 12622 17476 17267 12705 13859 13364 20766 15704 17038 
20726 28235 29050 29599 21466 19651 18619 26163 24087 29290 
22231 16940 20658 21561 16545 15237 15214 23301 19384 20269 
25552 23614 28137 29193 18967 19306 20843 25188 25768 28454 
